1 111
1 661
331 411
1 771
221 450
111 411
1 37
411 931
111 221
411 450
221 331
37 450
37 771
331 931
661 771
111 931
450 771
111 771
111 450
221 411
37 931
221 931
111 331
411 661
37 221
37 411
1 411
771 931
1 221
221 661
450 661
1 931
111 661
450 931
221 771
37 111
1 450
411 771
37 661
1 331
331 771
661 931
1 111
1 661
331 411
1 771
221 450
111 411
1 37
411 931
111 221
411 450
221 331
37 450
37 771
331 931
661 771
111 931
450 771
111 771
111 450
221 411
37 931
221 931
111 331
411 661
37 221
37 411
1 411
771 931
1 221
221 661
450 661
1 931
111 661
450 931
221 771
37 111
1 450
411 771
37 661
1 331
331 771
661 931

